75 36 70 72 82 18 
30 69 25 50 43 56 
33 46 85 82 57 64 
13 55 2 22 13 72 
14 36 12 10 89 20 
46 75 55 27 57 47 
44 87 27 69 47 69 
36 80 26 32 72 82 
7 85 47 8 18 60 
80 32 6 2 41 6 
22 87 81 76 24 49 
34 68 46 60 48 4 
39 83 83 65 26 66 
57 32 62 15 40 79 
74 30 21 80 32 62 
86 53 59 77 40 83 
36 73 61 82 43 20 
85 82 14 79 58 39 
56 26 70 28 40 21 
17 25 50 38 16 81 
10 12 45 68 88 84 
61 35 67 33 27 21 
53 22 14 66 12 71 
15 67 7 85 5 47 
16 22 72 66 59 87 
57 68 9 13 47 7 
7 19 42 73 52 68 
5 15 89 19 80 12 
89 5 78 7 1 83 
53 17 15 35 82 73 
32 50 52 41 62 9 
48 68 28 89 52 79 
67 56 4 67 75 83 
78 74 88 67 81 88 
60 45 15 74 80 7 
58 23 57 21 63 29 
30 21 7 57 20 58 
46 87 25 49 65 11 
42 53 85 41 30 76 
39 1 31 54 75 21 
61 43 43 28 64 17 
56 4 37 62 60 57 
31 17 55 56 66 30 
66 18 82 61 59 23 
48 8 24 79 62 9 
10 33 52 53 60 26 
70 26 30 17 88 1 
74 30 17 39 86 82 
69 63 11 62 35 69 
84 82 77 19 71 49 
27 81 81 78 45 52 
15 25 77 44 42 76 
45 26 17 61 65 13 
54 44 75 65 16 20 
45 11 13 33 29 83 
81 56 75 73 45 30 
36 59 55 24 14 7 
10 58 33 26 30 9 
39 84 52 24 59 68 
44 14 79 56 47 19 
50 38 74 36 22 30 
65 57 88 31 80 13 
37 1 70 69 27 11 
78 65 5 40 88 64 
19 43 78 9 9 35 
27 59 73 12 5 5 
41 70 62 40 11 53 
52 48 53 33 28 80 
43 16 55 47 56 54 
21 74 7 9 83 16 
43 21 74 26 32 79 
31 73 59 4 23 70 
56 75 28 20 18 55 
10 61 70 65 18 36 
29 39 21 35 48 14 
50 2 34 35 28 66 
24 58 50 82 62 73 
63 28 58 1 48 76 
56 58 47 36 33 64 
72 61 14 3 6 62 
17 56 63 51 1 1 
28 24 59 77 17 31 
60 79 59 28 79 17 
14 45 74 61 81 18 
36 63 78 49 66 83 
21 83 50 84 45 50 
84 72 73 53 59 89 
84 29 78 53 57 68 
70 71 24 54 42 15 
71 77 78 60 37 55 
54 58 48 14 52 3 
63 47 75 46 11 44 
46 5 73 35 57 41 
13 37 22 37 2 64 
52 73 52 40 43 89 
6 7 58 54 20 20 
57 83 66 42 40 76 
85 85 81 69 30 48 
20 43 85 42 79 87 
17 41 70 69 81 23 
