-4.286627 -3.567019 15.495887 -7.753778 -6.227763 -8.346727 
4.282090 2.779623 4.966995 6.434282 9.534629 6.901310 
-8.240151 -8.694922 -7.721951 -6.720615 -10.721264 -13.864873 
17.175246 17.866247 -3.553623 11.287902 2.366697 27.828386 
-6.387401 -8.434380 -8.333525 -4.123547 -7.469361 -11.839499 
12.359804 11.405040 11.737232 7.489980 8.831991 8.591676 
4.093252 2.739446 17.396940 10.441833 11.920364 6.374958 
-6.518884 -5.360405 -10.934740 -3.875883 -3.090844 -3.002922 
-18.332739 -13.792428 -16.203828 -9.600415 0.334008 -15.901305 
0.037330 -4.957073 -2.111865 -2.570054 -8.521813 -13.113113 
